catid	name	totalpage	pmallid	hastype	items_p1	size
10	右侧	60	1	1	16	5802
11	炫丽	59	1	1	16	5816
12	可爱	59	1	1	16	5821
13	mall	39	1	1	24	7994
15	挂件	60	14	2|16|3	24	7857
16	banner	60	14	3|2|12	24	7848
17	所有	60	14	5|16|17|2|12|3|4|11|19	24	8147
18	成熟成人	16	1	1	16	5869
29	推荐	60	29	11	18	5406
31	鼠标	46	14	4	24	7827
32	漂浮	40	14	5	24	7851
41	专区	1	0		0	156
47	所有	51	0	1|14|6|13|2|17|4|5|19|3|12|11	24	8051
49	新品	60	0	1|6|13|14|19|2	16	5758
50	热卖	60	0	14|13|1|6|19|2|17|3|22|16|4|18|5|12	24	8493
51	普通版	60	118	6|18	16	5630
52	yellow_vip	7	0	1|14|22|16|2	16	5802
55	公告栏	27	14	12|3	24	7876
56	植物	1	14		0	157
58	一级	3	56	7	24	7722
59	二级	3	56	7	24	7766
60	三级	3	56	7	24	7972
61	四级	4	56	7	24	7907
62	五级	3	56	7	24	7934
71	自然	11	29	11	18	5341
72	整蛊	26	29	11	18	5314
73	灵异	7	29	11	18	5270
75	封面	41	29	11	18	5374
82	四季节日	1	41		0	161
85	圣诞树	13	82	14|2|19|1|13|6	24	8314
86	新年春节	11	82	1|6|19|14|13|2	24	8415
92	情人节	14	82	14|1|6|19|13|2	24	8456
100	所有	60	0	13	16	5603
103	所有	60	0	14	16	5483
111	明星艺人	6	41	14|1|2|3	24	7979
112	古典专区	26	41	14|13|19|1|6|2|17|5|3|4	24	8151
114	星座情缘	6	41	13|14|1|6	24	7979
117	情侣花园	29	41	14|1|2|19|6	24	8451
119	炫丽	60	118	6|18	16	5628
122	可爱	48	118	6	16	5636
125	炫丽	52	124	14	24	8241
126	可爱	32	124	14	16	5531
127	成熟成人	23	124	14	24	8288
131	运势符	5	14	16	24	7777
134	花边	28	14	17	24	7890
136	炫丽	60	135	13	16	5605
139	酷炫	34	135	13	16	5631
140	可爱	46	135	13	16	5644
141	简洁	19	135	13	16	5600
144	春	8	82	1|19|14|6|13|2	24	8472
147	多功能版	12	118	18	16	5315
148	我爱电影	3	41	1|14|13|6|4|3|12|2|17|5	24	7952
149	4.0版	31	180	19	24	8195
153	夏	10	82	14|1|13|6|19|3|18	24	8358
154	品牌合作	1	41		0	162
157	横向	32	135	13	16	5629
160	主题	9	29	11	18	5412
161	星座	2	29	11	18	5498
162	热点	1	29	11	9	2710
163	节日	4	29	11	18	5333
164	品牌	1	29	11	9	2777
165	时尚	21	29	11	18	5387
166	成熟	5	29	11	18	5444
167	酷炫	7	29	11	18	5418
168	卡通	25	29	11	18	5336
169	可爱	15	29	11	18	5491
170	影视	4	29	11	18	5259
172	签名	3	29	11	18	5339
173	秋	8	82	14|1|13|19|6	24	8482
174	冬	10	82	14|1|13|6|19|18	24	8468
179	纵向	59	135	13	16	5584
182	冷色系	16	180	19	24	8408
183	暖色系	15	180	19	24	8405
194	Chicaloca	11	198	1|5|4|13|6|14|19|3|2	24	8227
201	马布	13	198	2|17|4|5|1|13|6|14|19|3	24	8039
203	嘟咪	1	198	1|6|13|14	24	7912
218	黑白系	1	124		0	161
229	黑白猪	7	198	1|14|6|13	24	7909
235	flash	1	1		0	158
236	相框1	7	235	16	8	2621
237	相框2	4	235	16	8	2963
238	相框3	7	235	16	8	2611
239	日历时钟	3	14	16	24	7860
241	相框4	4	235	127|16|11	8	2554
242	所有	9	242	22	24	7869
244	信纸	1	41		0	158
246	相框5	2	235	16	8	2542
248	青春校园	16	1	1	16	5847
249	魔法秀	1	14		0	160
250	男性	3	249	22	24	7637
251	女性	4	249	22	12	3905
252	宠物	3	249	22	24	7463
253	其他	2	249	22	24	7759
254	上图	1	244	21	5	1916
255	下图	1	244	21	1	476
256	其他	1	244	21	6	2378
257	左图	1	244	21	2	781
258	右图	1	244		0	159
259	所有	14	244	21	10	3547
262	LOMO	11	124	14	16	5615
263	左侧皮肤	4	41	1	24	8031
264	迪斯尼	21	198	1|14|6|13|19|2	24	7998
266	可爱	2	244	21	10	3460
267	浪漫	6	244	21	10	3546
268	酷炫	2	244	21	10	3459
269	忧郁	2	244	21	10	3429
270	古典	1	244	21	10	3404
271	青春	4	244	21	10	3433
272	商务	2	244	21	10	3378
273	情侣	1	244	21	10	3472
274	全部节日	4	244	21	10	3550
275	新年	2	244	21	10	3473
277	全部主题	3	244	21	10	3553
278	迪士尼	1	244		0	161
279	用户作品	1	244		0	163
281	全屏（右侧）套装	22	280		80	25705
282	浪漫	20	280		91	29709
283	酷炫	7	280		93	30410
284	简洁	6	280		93	30413
285	可爱	6	280		92	30034
286	二件套	6	280		48	14104
287	四件套	22	280		80	25695
291	腾讯产品	3	41	6|19|13|1|22|2|14	24	8458
292	母亲节	1	244	21	4	1516
296	5.0版	60	1	1	24	8714
297	所有标题栏	60	180	19	16	5648
298	5.0版	48	295	2|19|16	24	8381
299	宽屏（上侧）套装	76	280		96	31477
300	所有	1	295		0	159
302	建筑风景	1	41	1|14	11	3930
303	男性	35	1	1	16	5860
304	女性	30	1	1	16	5821
305	情侣	16	1	1	16	5858
306	孩童	13	1	1	16	5872
307	宠物	6	1	1	16	5806
308	其他	9	1	1	16	5820
309	黑白系	8	1	1	24	8245
310	暖色系	12	1	1	24	8103
311	冷色系	10	1	1	24	8315
312	男性	7	124	14	24	8286
313	女性	15	124	14	24	8256
314	情侣	8	124	14	24	8294
315	孩童	6	124	14	24	8157
316	其他	2	118	14	16	5411
317	其他	5	124	14	24	8330
318	黑白系	3	124	14	24	7906
319	暖色系	10	124	14	24	7757
320	冷色系	8	124	14	24	7906
321	男性	13	118	6	16	5418
322	女性	15	118	6	16	5396
323	宠物	7	118	6	16	5447
324	其他	4	118	6	24	8321
325	简洁	15	118	6	16	5619
326	半透明	9	118	6	16	5634
327	不透明	53	118	6	16	5628
328	黑白系	5	118	6	24	7858
329	暖色系	9	118	6	24	7879
330	冷色系	6	330	6	24	7882
331	男性	10	135	13	16	5590
332	女性	13	135	13	16	5586
333	宠物	9	135	13	16	5587
334	其他	6	135	13	16	5631
335	半透明	18	135	13	16	5620
336	不透明	52	135	13	16	5615
337	黑白系	6	135	13	24	7821
338	暖色系	10	135	13	24	7866
339	冷色系	6	135	13	24	7752
340	黑白系	7	180	19	24	8370
341	炫丽	10	180	19	24	8397
342	简洁	18	180	19	24	8385
343	可爱	8	180	19	24	8436
344	半透明	14	180	19	24	8410
345	不透明	32	180	19	24	8369
346	男性	7	280		91	29674
347	女性	9	280		93	30350
348	三件套	5	280		64	20146
349	生日	1	82	14|1	9	2913
350	其他	2	82	14|1	24	8175
351	男艺人	3	41	14|1|3	24	7881
352	女艺人	3	41	14|1|2|3	24	7837
353	蜘蛛侠	1	41	14|1	23	7583
354	功夫之王	1	41	1	6	2204
355	赤壁	1	41	14|1	4	1434
356	搞笑整蛊	3	249	22	24	7789
357	伤感	1	249	22	21	6828
361	相框6	1	235	127	8	2611
363	简洁	5	124	14	16	5586
364	限量版套装	1	280		36	11911
365	黄钻贵族专区	1	0		0	165
366	vip_skin	1	365	1	18	6114
367	vip_cartoon	1	365	14	15	5270
368	vip_guild	1	365	13	22	7046
369	vip_player	1	365	6	10	3696
370	vip_title	1	365	19	16	5274
371	vip_dec	2	365	16|2|22|5|4	24	8818
372	黑色	10	1	1	16	5858
373	白色	8	1	1	16	5828
374	蓝色	20	1	1	16	5859
375	绿色	11	1	1	16	5852
376	紫色	7	1	1	16	5835
377	黄色	9	1	1	16	5838
378	红色	7	1	1	16	5845
379	粉色	7	1	1	16	5850
380	黑色	6	124	14	16	5499
381	白色	7	124	14	16	5569
382	蓝色	14	124	14	16	5604
383	绿色	6	124	14	16	5585
384	紫色	6	124	14	16	5564
385	黄色	4	124	14	16	5574
386	红色	4	124	14	16	5581
387	粉色	4	124	14	16	5537
388	黑色	7	180	19	16	5596
389	白色	19	180	19	16	5641
390	蓝色	9	180	19	16	5644
391	绿色	4	180	19	16	5660
392	紫色	4	180	19	16	5666
393	黄色	7	180	19	16	5648
394	红色	6	180	19	16	5663
395	粉色	7	180	19	16	5662
396	黑色	6	118	6	16	5517
397	白色	14	118	6	16	5606
398	蓝色	10	118	6	16	5635
399	绿色	7	118	6	16	5635
400	紫色	5	118	6|18	16	5604
401	黄色	8	118	6	16	5638
402	红色	7	118	6	16	5526
403	粉色	10	118	6	16	5646
404	黑色	6	135	13	16	5610
405	白色	14	135	13	16	5615
406	蓝色	10	135	13	16	5620
407	绿色	7	135	13	16	5614
408	紫色	6	135	13	16	5631
409	黄色	8	135	13	16	5623
410	红色	8	135	13	16	5621
411	粉色	8	135	13	16	5614
413	自定义导航	8	135	13	18	5956
416	套装隐藏	10	280		77	23975
419	所有套装	97	280		92	30013
420	ys_ch_mj	1	365	1	10	3912
421	ys_ch_zs	2	365	16|22	16	5916
423	ys_cy_mh	1	365	1	16	6194
424	ys_cy_xz	2	365	1|14	16	6177
425	ys_cm_ka	2	365	2|5|6|4	16	5921
426	ys_cm_gx	3	365	2|4|5|6	16	5883
434	默认	1	41	1	1	478
435	五件套	15	280		96	31467
436	亲情	2	1	1	16	5856
438	爱情	5	1	1	16	5847
442	配饰	6	1	1	16	5666
443	汽车	2	1	1	16	5866
446	动漫	19	1	1	16	5848
448	四季	7	1	1	16	5837
450	酷炫	4	1	1	16	5875
451	校园	3	1	1	16	5868
452	商务	3	1	1	16	5855
453	中国风	3	1	1	16	5859
454	爱情	13	124	14	16	5564
455	亲情	2	124	14	16	5582
456	友情	8	124	14	16	5663
459	运动	3	124	14	16	5288
461	汽车	1	124	14	16	5657
464	动漫	60	124	14	16	5414
466	四季	6	124	14	16	5538
467	影视	8	124	14	16	5220
468	酷炫	7	124	14	16	5622
469	校园	3	124	14	16	5620
470	商务	2	124	14	16	5485
471	中国风	5	124	14	16	5546
472	爱情	4	280		88	28640
473	亲情	2	280		93	30380
474	友情	11	280		95	31160
475	美食	1	280		30	9926
476	军事	1	280		35	11492
477	运动	1	280		93	30387
478	配饰	3	280		66	20722
479	汽车	1	280		77	25194
480	宠物	1	280		12	4046
481	节日	1	280		64	21187
482	动漫	13	280		89	28945
483	游戏	1	280		0	130
484	四季	5	280		87	28265
485	影视	1	280		0	130
486	LOME风格	19	280		91	29643
487	校园	4	280		94	30727
488	商务	3	280		92	29988
489	中国风	2	280		95	31043
490	黑色	4	280		91	29622
491	白色	3	280		94	30654
492	蓝色	5	280		94	30768
493	绿色	3	280		96	31434
494	紫色	3	280		90	29430
495	黄色	3	280		93	30342
496	红色	2	280		75	23992
497	粉色	2	280		77	24716
498	爱情	4	118	6	16	5622
499	亲情	2	118	6	16	5630
505	汽车	2	118	6	16	5594
508	动漫	17	118	6	16	5576
510	四季	4	118	6	16	5503
512	LOME风格	2	118	6	16	5596
514	酷炫	3	118	6	16	5641
516	商务	4	118	6	16	5650
518	爱情	3	135	13	16	5608
519	亲情	2	135	13	16	5620
525	汽车	2	135	13	16	5611
528	动漫	6	135	13	16	5599
530	四季	2	135	13	16	5597
532	LOME风格	2	135	13	16	5619
534	商务	4	135	13	16	5631
536	爱情	15	180	19	16	5615
537	亲情	2	180	19	16	5663
543	汽车	2	180	19	16	5647
546	动漫	12	180	19	16	5645
548	四季	2	180	19	16	5608
550	LOME风格	1	180	19	16	5674
551	酷炫	8	180	19	16	5637
553	商务	3	180	19	16	5597
554	中国风	2	180	19	16	5649
578	影视	1	280		0	130
584	旅游	3	280		95	31146
585	人物	7	280		93	30350
586	人物	3	135	13	16	5617
587	人物	6	124	14	16	5526
588	人物	4	118	6	16	5637
589	人物	5	180	19	16	5658
590	人物	13	1	1	16	5844
596	高兴	4	280		94	30764
597	忧伤	2	280		95	31190
608	平静	7	280		91	29628
609	生气	1	280		0	130
620	寂寞	1	280		42	13830
621	奋斗	2	280		92	29972
632	ys_new_add	1	365	1|14	14	5092
678	颜色	1	280		0	130
679	套装图方向	1	280		0	136
680	情感	1	280		0	130
681	风格	1	280		0	130
682	主题	1	280		0	130
683	件数	1	280		0	130
