40
66
67
68
86
87
88
89
143
144
145
214
215
216
218
219
220
221
222
264
266
268
504
507
508
600
601
602
603
604
605
606
607
608
610
611
612
613
615
616
658
659
661
662
663
664
665
666
667
668
669
736
737
739
848
849
852
853
1019
1020
1021
1038
1052
1063
1098
1099
1100
1101
1176
1177
1178
1180
1181
1182
1183
1184
1185
1197
1198
1199
1443
1444
1445
1446
1447
1492
1493
1518
1519
1537
1538
1539
1540
1541
1542
1543
1544
1545
1586
1676
1677
1678
1679
1680
1749
1750
1751
1817
1818
1819
1820
1821
1822
1823
1824
1825
1843
1850
1851
1890
1891
2007
2016
2030
2031
2043
2092
2093
2094
2105
2106
2107
2108
2150
2151
2152
2153
2154
2155
2156
2157
2158
2190
2222
2355
2356
2357
2358
2374
2389
2390
2391
2516
2517
2518
2519
2548
2565
2590
2591
2592
2593
2594
2595
2596
2614
2621
2622
2636
2664
2700
2701
2702
2703
2704
2705
2818
2841
2870
3070
3073
3076
3078
3080
3081
3085
3087
3090
3092
3094
3095
3144
3145
3146
3147
3156
3157
3164
3179
3180
3181
3182
3183
3184
3289
3368
3369
3425
3452
3453
3454
3455
3456
3457
3481
3482
3483
3499
3500
3501
3502
3503
3504
3505
3538
3611
3665
3666
3667
3668
3669
3670
3671
3831
3832
3833
3834
3835
3836
3837
3838
3882
3913
3914
3915
3958
3959
3960
3961
3962
3963
3964
3965
3966
3967
3968
3969
4027
4028
4029
4030
4031
4032
4058
4092
4093
4094
4095
4096
4097
4098
4099
4100
4101
4102
4103
4104
4105
4106
4152
4153
4154
4155
4156
4157
4235
4334
4373
4374
4400
4435
4437
4438
4442
4454
4455
4475
4513
4514
4515
4542
4543
4544
4545
4546
4547
4608
4609
4610
4612
4613
4614
4615
4616
4637
4638
4665
4666
4668
4715
4725
4726
4763
4764
4765
4766
4767
4768
4864
4865
4866
4870
4871
4899
4900
4901
4902
4903
4945
4961
5004
5044
5045
5046
5047
5048
5049
5050
5112
5113
5114
5115
5116
5117
5118
5119
5172
5173
5174
5190
5227
5228
5288
5289
5290
5324
5325
5326
5327
5522
5523
5524
5525
5536
5537
5583
5617
5618
5637
5638
5639
5640
5714
5803
5804
5805
5806
5841
5842
5843
5848
5957
5958
5995
5996
5997
5998
5999
6000
6042
6043
6044
6065
6090
6091
6164
6165
6166
6167
6168
6175
6176
6185
6186
6252
6253
6254
6255
6256
6257
6314
6380
6381
6415
6416
6479
6615
6616
6617
6693
6694
6695
6793
6794
6795
6881
6907
6945
6946
6947
6980
6981
6995
6996
6997
7037
7081
7082
7162
7163
7258
7259
7335
7346
7356
7366
7376
7386
7536
7537
7561
7562
7563
7564
7565
7566
7610
7611
7612
7726
7786
7796
7806
7816
7881
7882
7883
8142
8143
8144
8300
8301
8484
8485
8648
8649
8650
8651
8652
8653
8654
8735
8736
8737
8834
8883
8884
9026
9299
9300
9301
9304
9443
9444
9445
9645
9646
9647
9671
9672
9855
9927
9928
9929
9930
9987
9988
9989
10007
10047
10048
10192
10193
10194
10195
10196
10223
10224
10402
10403
10454
10551
10625
10771
10772
10773
10774
10879
10885
10935
10936
11081
11225
11226
11230
11231
11232
11389
11391
11425
11426
11431
11432
11493
11494
11495
11930
11931
12154
12155
12156
12157
12158
12159
12160
12161
12162
12215
12216
12313
12314
12369
12370
12371
12372
12373
12374
12375
12507
12508
12509
12559
12560
12603
12604
12605
12606
12666
12667
12668
12669
12670
12692
12729
12766
12851
12890
12891
12947
12989
12990
12991
12992
13160
13161
13209
13210
13211
13353
13354
13355
13356
13357
13358
13359
13360
13361
13362
13385
13386
13387
13429
13455
13466
13467
13479
13496
13497
13578
13579
13679
13705
13773
13774
13775
13776
13804
13827
13828
13829
13846
13894
13895
13896
13943
13944
13945
13946
13999
14000
14058
14059
14091
14092
14093
14094
14141
14192
14193
14194
14232
14233
14270
14313
14314
14315
14316
14317
14348
14349
14350
14419
14420
14656
14657
14658
14659
14741
14742
14787
14828
14829
14883
14884
14885
14886
14887
14888
15024
15025
15026
15044
15059
15060
15061
15062
15063
15130
15131
15132
15151
15200
15201
15226
15227
15228
15297
15298
15299
15414
15415
15416
15417
15436
15437
15537
15682
15683
15684
15685
15686
15687
15688
15689
15690
15691
15692
15693
15694
15695
15696
15697
15698
15699
15700
15701
15702
15703
15704
15705
15706
15707
15708
15709
15710
15711
15757
15758
15759
15760
15761
15778
15779
15780
15795
15796
15875
15876
15877
15878
16074
16125
16172
16173
16184
16185
16220
16319
16415
16482
16496
16497
16498
16612
16613
16616
16661
16662
16681
16854
16876
16896
16897
16898
17031
17032
17066
17067
17078
17079
17097
17098
17171
17172
17189
17190
17191
17214
17215
17940
18036
18037
18078
18125
18126
18262
18581
18619
18620
18794
19055
19174
19175
19321
19322
19323
19381
19415
19516
19768
19805
19806
19813
20278
20326
20327
20689
20819
20899
20920
21116
21117
21118
21484
21650
21703
21704
21747
21952
21953
21965
22150
22151
22233
22234
22348
22349
22414
22571
22845
23176
23520
23992
24357
25490
25491
25492
25795
26004
26262
26412
26991
26992
26993
26994
26995
27005
27006
27007
27416
27512
27535
28046
28813
28814
28815
29114
29409
29583
29983
30003
30291
30301
30311
31208
31251
31252
31272
31273
31274
31317
31327
31844
31854
31864
32658
32659
32661
32662
33037
33128
33140
33226
33238
33250
33262
33498
33508
33518
34250
34251
35467
35753
36373
36640
36958
37188
37556
37980
38288
38768
38769
39447
39480
39849
40157
40158
40288
40289
40290
41588
42434
42637
42908
43053
43289
43290
43291
43292
43528
43529
43724
43951
43952
44132
44133
44342
44551
44552
44727
44728
44926
44927
45178
45179
45354
45355
45583
45584
45748