18
20
34
56
62
82
83
84
93
95
96
137
138
179
180
254
256
257
258
288
291
502
552
558
560
562
567
568
570
639
670
960
965
966
1039
1095
1132
1187
1212
1218
1219
1437
1438
1439
1512
1533
1585
1811
2039
2085
2507
2510
2635
3329
3404
3406
3717
3802
4439
4621
7249
7256
7318
7342
7352
7363
7383
7452
7453
7454
7455
7456
7457
7458
7459
7460
7461
7462
7463
7464
7465
7466
7467
7468
7530
7531
7550
7551
7552
7553
7554
7555
7602
7603
7604
7605
7606
7607
7722
7758
7759
7760
7761
7762
7763
7764
7765
7766
7773
7782
7793
7803
7813
7872
7873
7874
7875
7876
8001
8002
8003
8004
8005
8006
8007
8133
8134
8135
8136
8137
8138
8279
8280
8281
8282
8283
8284
8285
8286
8287
8288
8289
8290
8291
8292
8293
8294
8295
8296
8297
8298
8299
8346
8347
8348
8349
8350
8540
8541
8590
8591
8592
8593
8594
8595
8596
8597
8598
8599
8600
8601
8602
8603
8604
8605
8606
8607
8608
8609
8610
8611
8612
8613
8614
8615
8616
8617
8618
8619
8634
8635
8636
8637
8638
8639
8640
8703
8704
8705
8706
8707
8708
8709
8710
8729
8730
8731
8814
8815
8816
8850
8851
8854
8858
8859
8860
8862
8863
8866
8867
8869
8880
8921
8922
8923
8924
8925
8926
8927
8928
8929
8930
8931
8932
8933
8934
8935
8936
8937
9018
9020
9021
9022
9023
9024
9025
9090
9091
9092
9093
9094
9095
9096
9097
9098
9099
9100
9101
9102
9103
9138
9139
9140
9141
9142
9143
9144
9145
9256
9257
9269
9283
9284
9295
9345
9346
9347
9348
9349
9350
9351
9352
9353
9354
9355
9356
9357
9358
9359
9375
9393
9394
9396
9397
9398
9433
9434
9435
9436
9437
9438
9496
9497
9498
9499
9500
9501
9502
9503
9504
9505
9506
9507
9508
9509
9510
9511
9512
9513
9514
9515
9516
9517
9518
9519
9657
9659
9660
9661
9662
9663
9664
9665
9666
9667
9668
9669
9670
9732
9733
9734
9745
9746
9848
9849
9850
9851
9852
9853
9919
9920
9921
9922
9956
9981
9982
9983
9984
10000
10001
10002
10043
10044
10067
10068
10163
10164
10165
10167
10187
10188
10189
10203
10204
10205
10206
10207
10208
10209
10210
10211
10260
10264
10396
10397
10449
10450
10473
10474
10475
10476
10477
10478
10479
10480
10481
10482
10483
10484
10485
10486
10487
10488
10508
10509
10510
10511
10512
10545
10546
10549
10579
10580
10614
10615
10616
10617
10730
10731
10733
10734
10765
10766
10767
10768
10794
10795
10796
10797
10798
10848
10849
10850
10851
10852
10853
10854
10855
10856
10876
10877
10878
10887
10929
10933
11032
11033
11034
11076
11077
11078
11079
11121
11149
11150
11151
11152
11153
11154
11155
11156
11157
11211
11212
11219
11220
11355
11358
11359
11360
11361
11362
11376
11385
11422
11423
11444
11445
11446
11447
11448
11449
11450
11451
11452
11453
11454
11455
11456
11457
11474
11475
11476
11477
11624
11625
11626
11627
11629
11630
11631
11632
11634
11635
11636
11637
11638
11639
11640
11641
11642
11643
11644
11690
11691
11692
11693
11694
11695
11696
11697
11698
11825
11826
11850
11851
11852
11853
11854
11855
11856
11857
11858
11914
11915
11916
11917
11918
11919
11920
11921
12075
12076
12077
12078
12079
12080
12081
12082
12083
12084
12085
12153
12206
12207
12305
12306
12307
12308
12309
12310
12311
12355
12356
12357
12358
12359
12360
12361
12398
12493
12494
12495
12496
12497
12498
12542
12543
12544
12545
12546
12547
12548
12549
12550
12551
12573
12593
12594
12595
12596
12618
12619
12620
12621
12622
12623
12624
12625
12626
12627
12628
12647
12648
12649
12650
12651
12652
12653
12654
12655
12656
12657
12658
12659
12660
12661
12662
12663
12664
12665
12694
12695
12696
12697
12698
12699
12752
12753
12754
12755
12756
12757
12758
12759
12821
12822
12823
12825
12826
12840
12841
12842
12843
12844
12849
12857
12905
12906
12923
12924
12925
12926
12927
12939
12940
12941
12942
12943
12987
13108
13109
13110
13111
13112
13113
13114
13142
13143
13150
13151
13152
13178
13179
13180
13266
13267
13333
13334
13335
13336
13337
13338
13339
13340
13341
13342
13369
13370
13424
13425
13448
13449
13450
13462
13463
13489
13490
13554
13555
13556
13557
13558
13559
13560
13561
13562
13563
13564
13565
13566
13661
13671
13755
13756
13757
13758
13759
13796
13812
13813
13883
13884
13885
13886
13887
13937
13938
13939
13940
13967
13968
13969
13970
13995
13996
14030
14031
14032
14033
14034
14035
14036
14037
14038
14039
14079
14080
14081
14082
14083
14139
14191
14197
14198
14229
14230
14264
14265
14291
14292
14293
14294
14340
14341
14342
14343
14344
14345
14409
14410
14411
14412
14413
14414
14511
14512
14513
14514
14515
14579
14580
14581
14582
14583
14584
14585
14586
14587
14588
14589
14590
14591
14592
14593
14594
14595
14596
14597
14598
14599
14600
14601
14602
14603
14604
14605
14606
14607
14631
14632
14638
14730
14731
14732
14733
14734
14735
14736
14785
14805
14809
14810
14880
14881
14882
14920
14921
14922
14970
14991
14992
14993
14994
14995
15016
15017
15018
15019
15020
15021
15039
15040
15041
15042
15047
15048
15049
15078
15079
15121
15122
15123
15147
15185
15186
15187
15188
15210
15211
15212
15213
15214
15215
15287
15288
15289
15290
15291
15292
15293
15391
15392
15393
15394
15424
15425
15450
15451
15477
15478
15494
15495
15496
15497
15498
15499
15500
15573
15627
15628
15629
15630
15631
15632
15633
15634
15635
15636
15637
15638
15639
15640
15641
15642
15643
15644
15645
15646
15647
15648
15649
15650
15651
15652
15653
15654
15655
15656
15720
15721
15764
15791
15794
15803
15804
15805
15806
15807
15808
15809
15810
15863
15864
15910
15928
15929
15944
15945
15946
16045
16070
16105
16106
16120
16164
16165
16166
16167
16168
16169
16170
16174
16192
16216
16217
16296
16297
16298
16316
16400
16401
16480
16491
16492
16493
16501
16607
16608
16615
16656
16657
16678
16838
16871
16885
16886
17020
17059
17060
17091
17092
17141
17142
17143
17144
17145
17165
17181
17182
17183
17204
17205
17206
17337
17338
17339
17340
17341
17397
17952
18008
18010
18030
18031
18071
18072
18073
18103
18107
18121
18122
18257
18342
18565
18567
18568
18569
18570
18571
18572
18615
18769
18789
19018
19019
19020
19021
19164
19165
19166
19191
19284
19317
19376
19377
19378
19379
19400
19401
19402
19403
19404
19405
19406
19504
19505
19506
19507
19508
19509
19510
19511
19512
19525
19526
19764
19765
19766
19792
19793
19794
19795
20069
20275
20276
20315
20316
20457
20458
20459
20460
20675
20676
20677
20678
20805
20806
20807
20808
20809
20882
20883
20884
20885
20886
20887
20888
20889
20890
20891
20919
21016
21017
21018
21019
21020
21021
21022
21023
21024
21070
21071
21072
21073
21074
21075
21076
21077
21078
21102
21103
21216
21217
21218
21219
21220
21221
21222
21281
21282
21420
21421
21472
21473
21474
21475
21535
21536
21645
21690
21691
21692
21693
21694
21695
21745
21864
21933
21934
21935
21936
21937
21938
21939
21940
21941
21962
22133
22134
22135
22136
22137
22138
22140
22141
22142
22143
22144
22229
22230
22328
22329
22330
22331
22332
22333
22334
22335
22336
22337
22338
22339
22411
22549
22550
22551
22552
22553
22554
22555
22556
22557
22558
22559
22560
22561
22605
22686
22687
22690
22772
22773
22833
22834
22835
22836
22837
22838
22855
22856
22857
22931
22932
22933
23167
23170
23171
23172
23384
23385
23386
23501
23502
23503
23504
23505
23506
23507
23508
23509
23510
23511
23937
23973
23974
23975
23976
23977
23978
23979
24135
24347
24348
24349
24350
24351
24403
24404
24405
24406
24407
24960
25009
25010
25048
25049
25050
25051
25052
25058
25059
25248
25249
25263
25264
25265
25266
25267
25418
25482
25483
25484
25485
25486
25487
25488
25489
25785
25798
25799
25800
25844
26003
26006
26007
26008
26009
26013
26019
26020
26261
26271
26272
26273
26274
26275
26276
26279
26280
26386
26387
26410
26411
26421
26427
26428
26981
26982
26983
26984
26985
26999
27000
27001
27411
27493
27494
27495
27496
27497
27498
27499
27500
27504
27509
27516
27517
27526
27827
27828
28044
28050
28051
28055
28056
28057
28221
28252
28795
28796
28797
28802
28807
28808
28809
29112
29404
29579
29980
30000
30001
30288
30298
30308
30333
31205
31248
31249
31254
31261
31262
31266
31267
31268
31288
31313
31324
31840
31850
31860
31867
31868
32312
32376
32383
32392
32401
32498
32503
32504
32505
32904
32905
32906
32983
33032
33125
33137
33235
33247
33259
33495
33506
33516
34245
34246
34721
35202
35464
36115
36637
36955
36956
37185
37552
37977
38285
38732
38736
38764
38765
39269
39444
39477
39727
39731
39735
39739
39743
39747
39751
39785
39801
39805
39809
39813
39817
39821
39825
39846
39858
39863
39868
39873
39878
39882
39910
39914
39918
39922
39926
39930
39940
39944
39948
39952
40076
40081
40087
40107
40113
40125
40131
40137
40149
40150
40151
40152
40162
40168
40180
40192
40206
40218
40234
40258
40264
40279
40280
40281
40282
40330
40336
40354
40360
40366
40372
40396
40431
40437
40455
40471
40477
40483
40519
41533
41557
41597
41603
41609
41633
41654
41660
41678
41684
41702
41708
41823
41829
41833
41861
41884
41891
41908
41914
41930
41942
41954
41960
41972
42039
42045
42051
42063
42075
42081
42099
42150
42186
42225
42231
42242
42278
42284
42321
42327
42388
42400
42406
42418
42428
42444
42450
42485
42491
42503
42546
42552
42558
42613
42619
42633
42647
42671
42683
42689
42742
42754
42793
42800
42820
42825
42836
42849
42890
42906
42960
42983
42990
43020
43033
43036
43047
43048
43077
43094
43146
43158
43168
43191
43208
43221
43234
43239
43245
43282
43283
43300
43306
43384
43415
43421
43427
43449
43490
43507
43519
43521
43522
43547
43561
43570
43576
43586
43591
43669
43688
43694
43699
43715
43729
43775
43794
43806
43812
43847
43865
43871
43908
43914
43920
43926
43941
43942
43971
43982
43999
44017
44035
44036
44063
44092
44099
44115
44124
44158
44176
44182
44194
44243
44249
44255
44265
44277
44301
44307
44323
44381
44389
44413
44431
44437
44467
44473
44507
44513
44525
44531
44540
44541
44542
44565
44571
44603
44609
44631
44637
44643
44671
44696
44702
44716
44717
44793
44799
44809
44858
44864
44892
44904
44917
44918
44947
44953
44960
45019
45025
45031
45046
45056
45062
45094
45101
45143
45149
45169
45170
45195
45238
45244
45250
45256
45303
45309
45337
45345
45346
45371
45398
45430
45436
45454
45460
45475
45481
45517
45523
45537
45551
45557
45567
45574
45575
45597
45610
45744