20728
20729
20730
20731
20732
20733
20734
20735
20736
20737
20738
20739
20740
20741
20742
20743
20744
20745
20746
20747
20748
21175
21176
21177
21178
21179
21180
21181
21182
21183
21184
21232
21233
21234
21235
21236
21237
21238
21239
21240
21241
21242
21243
21244
21245
21246
21247
21248
21262
21263
21264
21265
21266
21267
21268
21525
21526
21527
21528
21529
21530
21531
21532
21533
21534
21648
21903
21904
21905
21906
21907
21908
21909
21910
21911
21912
22097
22098
22099
22100
22101
22102
22103
22104
22105
22106
22107
22108
22109
22110
22111
23211
23212
23213
23214
23215
23216
23217
23218
23219
23226
23227
23228
23229
23230
23231
23232
23233
23234
23235
23236
23237
23238
23239
23240
23241
23242
23243
23244
23245
23246
23276
23277
23278
23540
23541
23542
23691
23692
23693
23694
23697
23699
23703
23704
23705
23725
23726
23727
23728
23729
23730
23731
23732
23733
23734
23735
23736
23737
23738
23739
23740
23741
23742
23854
23855
24090
24091
24092
24413
25127
28111
32898
32899
32901
32902
33041
33042
33044
33045
33047
33048
33050
33051
33052
33053
33055
33056
40144
40291
40292
40293
41589
41590
41836
42430
42634
42909
42910
43054
43055
43293
43294
43526
43720
43721
43947
43948
44129
44130
44340
44547
44548
44722
44723
44922
44923
45174
45175
45350
45351
45578
45579
45747
