10268
10269
10272
10273
10274
10275
10276
10277
10278
10279
21881
22778
24242
29158
29167
30275
30325
31831
35176
35799
35805
36026
36032
36557
36581
36844
36868
37868
37891
37897
37904
37910
38070
38077
38176
38182
38204
38221
38251
38561
38573
38585
38591
38751
38757
38819
38833
38843
38929
38941
38947
38953
38959
39005
39011
39251
39262
39296
39322
39327
39333
39339
39507
39519
39525
39553
39720
39794
39851
39885
39891
39897
40049
40061
40067
40085
40105
40111
40135
40178
40216
40238
40417
40423
40429
40441
40487
40505
41543
41595
41601
41682
41688
41706
41841
41849
41855
41946
41958
42017
42043
42073
42079
42085
42097
42103
42136
42234
42259
42335
42386
42392
42398
42489
42513
42544
42550
42556
42583
42605
42623
42639
42645
42651
42681
42693
42734
42740
42745
42787
42795
42805
42818
42834
42864
42889
42963
43018
43031
43038
43065
43076
43083
43092
43104
43149
43167
43200
43206
43225
43243
43249
43251
43252
43253
43255
43256
43257
43259
43260
43261
43264
43267
43321
43326
43327
43329
43346
43361
43362
43363
43366
43368
43370
43372
43375
43452
43499
43511
43584
43633
43654
43667
43692
43768
43773
43845
43906
43924
43969
43980
44003
44021
44027
44045
44090
44097
44107
44168
44180
44192
44241
44247
44281
44305
44321
44379
44411
44417
44423
44435
44441
44447
44465
44589
44607
44694
44700
44706
44757
44813
44819
44844
44850
44902
44908
44951
45023
45029
45060
45105
45117
45123
45141
45218
45230
45236
45242
45417
45428
45452
45458
45473
45497
45515
45555
45565
45632
45638
