21
27
43
45
46
49
111
156
223
232
310
439
446
447
474
476
477
478
509
513
514
515
518
519
524
627
635
726
776
828
840
901
1014
1043
1046
1083
1084
1088
1192
1193
1284
1340
1341
1343
1460
1462
1463
1464
1465
1588
1757
1758
1760
1805
1849
1902
2055
2232
2234
2235
2236
2239
2240
2512
2540
2541
2688
2830
2894
3069
3072
3091
3159
3274
3277
3298
3394
3417
3432
3442
3445
3999
4300
4363
4487
4524
4921
4931
5010
5016
5078
5079
5176
5410
5413
5433
5530
5595
5596
5821
5902
6034
6111
6299
6304
6775
6778
6781
6813
6815
7148
7219
7220
7221
7222
7234
7307
7397
7399
7400
7501
7502
7503
7514
7647
7650
14134
16428
20244
20246
20290
21611
22725
23188
23193
23204
23275
23918
23921
24020
24369
24385
24460
24934
24954
24956
24958
25110
25112
25145
25156
25160
25162
25163
25174
25197
25202
25308
25310
25313
25314
25315
25316
25317
25339
25341
25424
25425
25426
25427
25428
25429
25446
25448
25449
25450
25452
25515
25596
25656
25658
25690
25735
25765
25766
25837
25839
25866
25867
25868
25885
25887
25959
26064
26065
26066
26069
26072
26073
26137
26496
26754
26771
26775
26945
27008
27010
27050
27051
27066
27103
27212
27213
27351
27375
27378
27379
27465
27599
27605
27611
27882
27937
27943
27949
27990
28059
28062
28075
28076
28085
28089
28304
28310
28513
28525
28622
28656
28662
29096
29111
29155
29168
29577
29977
30131
30197
30199
30272
30281
30285
30314
31202
31237
31239
31240
31292
31294
31296
31301
31307
31315
31330
31748
31753
31772
31788
31793
31798
31816
31821
31848
31858
32311
32317
32323
32336
32344
32378
32382
32391
32400
32453
32479
32496
32506
32507
32508
32509
32827
32837
32852
32853
32854
32855
32857
32907
32908
32939
32940
32941
32942
32943
32944
32963
32965
33020
33031
33067
33073
33085
33091
33097
33115
33122
33134
33154
33155
33223
33232
33256
33357
33363
33369
33375
33381
33387
33393
33399
33401
33418
33431
33437
33443
33451
33457
33463
33469
33475
33481
33487
33493
33504
33514
33524
33536
33542
33548
33554
33560
33570
33571
33572
33580
33581
33772
33778
33784
33790
33795
33803
33809
33815
33821
33827
33833
33839
33851
33857
33873
34007
34127
34134
34171
34179
34185
34191
34197
34203
34209
34234
34257
34262
34268
34285
34290
34298
34308
34314
34330
34332
34333
34334
34335
34336
34337
34338
34349
34350
34351
34352
34359
34360
34361
34372
34458
34463
34469
34475
34481
34487
34493
34499
34505
34511
34620
34630
34636
34642
34648
34654
34676
34677
34678
34679
34680
34681
34682
34683
34684
34685
34686
34687
34688
34689
34690
34691
34692
34693
34706
34707
34708
34709
34767
34771
34790
34796
34801
34805
34806
34807
34812
34813
34824
34826
34835
34843
34849
34855
34867
34873
34879
34886
34892
34898
34904
34910
34916
35090
35099
35104
35105
35106
35121
35127
35133
35155
35161
35167
35173
35179
35185
35191
35327
35331
35339
35345
35351
35357
35363
35371
35377
35383
35386
35395
35401
35407
35413
35419
35425
35431
35455
35520
35521
35544
35654
35666
35724
35741
35767
35772
35778
35784
35790
35796
35802
35807
35873
35874
35878
35879
35880
35881
35882
35883
35983
35984
35992
35997
36019
36020
36029
36035
36041
36047
36053
36065
36071
36077
36083
36089
36095
36101
36107
36114
36298
36304
36310
36316
36322
36334
36340
36346
36352
36358
36370
36424
36425
36554
36572
36584
36836
37121
37133
37514
37901
37990
38080
38179
38224
38576
38588
38720
38846
38896
38904
38920
38938
38950
38962
38972
39008
39032
39108
39148
39149
39150
39151
39254
39265
39283
39299
39305
39309
39313
39317
39345
39353
39369
39377
39385
39395
39405
39409
39413
39421
39423
39522
39534
39550
39562
39566
39575
39581
39741
39749
39763
39775
39783
39797
39799
39803
39807
39811
39815
39823
39837
39854
39861
39866
39876
39880
39894
39900
39906
39912
39916
39920
39924
39938
39942
39986
40028
40046
40058
40070
40072
40082
40108
40120
40132
40138
40163
40181
40199
40201
40225
40247
40253
40373
40391
40438
40444
40490
41540
41564
41565
41577
41578
41598
41604
41610
41661
41673
41806
41846
41852
41858
41864
41877
41878
41887
41915
41937
41943
41949
41955
41961
42020
42046
42058
42064
42082
42100
42106
42145
42174
42187
42193
42220
42226
42243
42250
42256
42262
42273
42279
42285
42291
42316
42322
42334
42359
42365
42384
42389
42395
42401
42407
42419
42425
42439
42445
42451
42455
42456
42480
42492
42510
42516
42547
42553
42559
42573
42574
42575
42586
42595
42608
42614
42620
42626
42642
42648
42654
42660
42666
42672
42684
42690
42702
42708
42717
42736
42747
42750
42790
42802
42808
42814
42816
42822
42844
42855
42867
42876
42930
42931
42932
42956
42966
42972
42986
42988
42994
43004
43026
43028
43044
43062
43068
43080
43086
43088
43102
43117
43119
43121
43140
43142
43164
43170
43176
43181
43187
43193
43203
43209
43215
43217
43228
43230
43240
43246
43272
43301
43307
43319
43381
43397
43409
43411
43417
43423
43429
43443
43455
43470
43486
43496
43502
43508
43514
43535
43537
43542
43564
43566
43572
43582
43592
43598
43618
43624
43630
43636
43642
43657
43663
43665
43676
43685
43690
43700
43709
43730
43736
43738
43741
43744
43750
43756
43766
43776
43778
43788
43790
43796
43802
43808
43842
43848
43854
43860
43866
43872
43878
43897
43903
43909
43915
43921
43927
43965
43967
43977
43983
44000
44006
44009
44018
44024
44030
44037
44042
44048
44051
44052
44064
44071
44077
44084
44093
44101
44110
44116
44159
44165
44171
44177
44183
44189
44195
44201
44244
44250
44256
44266
44272
44278
44284
44290
44296
44302
44308
44310
44324
44330
44360
44366
44376
44382
44390
44408
44414
44420
44426
44432
44438
44444
44450
44456
44462
44468
44474
44480
44496
44503
44508
44514
44520
44526
44532
44566
44572
44586
44592
44604
44610
44616
44626
44632
44638
44644
44652
44660
44666
44672
44678
44684
44691
44697
44703
44709
44748
44754
44760
44794
44800
44810
44816
44822
44828
44835
44841
44853
44859
44865
44871
44887
44893
44899
44905
44911
44948
44954
44961
45008
45014
45020
45026
45032
45041
45047
45057
45063
45083
45089
45095
45102
45108
45114
45120
45126
45132
45144
45150
45161
45196
45221
45233
45239
45245
45251
45257
45263
45269
45275
45286
45292
45298
45304
45310
45326
45332
45338
45360
45366
45372
45391
45399
45405
45420
45422
45423
45431
45437
45443
45449
45455
45461
45476
45482
45488
45494
45500
45506
45512
45518
45524
45536
45546
45552
45558
45568
45598
45611
45617
45623
45629
45635
45641
45663
45669
45675
45701
