16102
26119
26935
28093
32613
32840
33500
33835
33995
33998
35117
35391
36097
36109
36366
36709
36717
36737
36746
36766
36790
36799
36837
36921
36949
36975
36988
36992
36996
37000
37004
37008
37012
37016
37021
37026
37030
37035
37040
37045
37049
37053
37056
37060
37064
37068
37072
37076
37080
37084
37209
37213
37217
37221
37225
37229
37233
37237
37241
37245
37249
37253
37257
37261
37265
37269
37273
37278
37283
37288
37293
37298
37302
37306
37310
37314
37318
37322
37326
37330
37334
37338
37342
37346
37350
37354
37358
37362
37391
37424
37456
37462
37474
37480
37486
37492
37498
37510
37516
37572
37576
37580
37588
37592
37596
37600
37604
37608
37612
37616
37620
37624
37628
37632
37636
37640
37644
37648
37652
37656
37660
37664
37668
37672
37677
37682
37687
37692
37697
37701
37705
37709
37713
37717
37721
37725
37729
37733
37737
37741
37745
37749
37753
37809
37814
37819
37835
37843
37849
37867
37873
37879
37890
37896
37903
37909
37917
37921
37925
37929
37933
37937
37941
37945
37949
37953
37993
37997
38001
38007
38012
38017
38022
38027
38031
38035
38039
38047
38051
38057
38108
38112
38116
38120
38124
38128
38132
38136
38140
38144
38148
38152
38156
38160
38169
38175
38181
38187
38202
38208
38214
38220
38232
38244
38250
38334
38342
38347
38352
38358
38362
38403
38407
38411
38415
38419
38423
38427
38431
38435
38439
38443
38447
38451
38455
38459
38463
38467
38471
38475
38479
38560
38566
38572
38578
38584
38590
38597
38601
38605
38609
38613
38617
38621
38625
38629
38633
38637
38641
38645
38649
38653
38657
38661
38665
38669
38674
38679
38684
38697
38702
38707
38712
38723
38727
38731
38735
38738
38745
38750
38756
38785
38789
38793
38797
38801
38805
38809
38812
38818
38832
38839
38842
38849
38853
38857
38861
38865
38869
38873
38876
38882
38889
38893
38897
38901
38905
38909
38913
38917
38921
38925
38928
38934
38946
38952
38958
38965
38969
38973
38977
38981
38985
38989
38993
38997
39001
39004
39010
39016
39022
39028
39035
39039
39043
39047
39051
39055
39105
39109
39232
39238
39244
39250
39261
39268
39272
39276
39280
39284
39288
39292
39295
39302
39306
39310
39314
39318
39321
39332
39338
39346
39350
39354
39358
39362
39366
39370
39374
39378
39382
39386
39391
39396
39401
39406
39410
39414
39417
39424
39428
39431
39437
39455
39459
39482
39487
39492
39497
39506
39512
39518
39524
39531
39535
39538
39546
39552
39559
39563
39571
39578
39582
39587
39589
39596
39600
39604
39607
39614
39622
39626
39630
39641
39648
39652
39655
39662
39666
39670
39713
39719
39726
39730
39734
39738
39742
39746
39750
39753
39759
39765
39771
39777
39784
39787
39793
39800
39804
39808
39812
39816
39820
39824
39827
39833
39850
39862
39867
39872
39877
39881
39884
39890
39896
39902
39909
39913
39917
39921
39925
39929
39939
39943
39947
39951
39976
39982
40036
40042
40048
40054
40060
40066
40073
40078
40092
40098
40104
40110
40116
40122
40159
40165
40171
40177
40189
40203
40215
40221
40233
40237
40243
40249
40255
40261
40297
40303
40309
40315
40321
40327
40333
40339
40345
40351
40357
40363
40369
40375
40381
40387
40393
40416
40422
40428
40434
40440
40446
40452
40468
40474
40480
40486
40492
40498
40504
40516
41524
41530
41536
41542
41554
41594
41600
41606
41630
41636
41651
41657
41663
41669
41675
41681
41687
41699
41705
41711
41796
41802
41808
41819
41820
41826
41840
41848
41854
41860
41882
41888
41893
41899
41905
41911
41927
41933
41939
41945
41951
41957
41963
41969
42016
42022
42036
42042
42048
42054
42060
42066
42072
42078
42084
42090
42096
42102
42135
42141
42147
42183
42189
42216
42228
42391
42409
42421
42435
42441
42447
42476
42482
42488
42494
42500
42506
42512
42543
42549
42555
42604
42610
42616
42622
42638
42644
42650
42656
42662
42668
42674
42680
42686
42692
42698
42704
42713
42733
42739
42744
42751
42780
42786
42792
42798
42804
42810
42817
42823
42833
42838
42846
42851
42857
42863
42872
42888
42913
42957
42962
42968
42979
42985
42989
42995
43010
43017
43022
43030
43035
43040
43058
43064
43075
43082
43089
43097
43103
43136
43143
43148
43155
43160
43166
43188
43194
43199
43205
43211
43218
43224
43231
43236
43242
43268
43297
43303
43309
43315
43337
43380
43386
43393
43399
43405
43418
43424
43430
43439
43446
43451
43469
43472
43479
43487
43492
43498
43504
43510
43543
43554
43563
43567
43573
43583
43588
43594
43614
43620
43626
43632
43638
43644
43653
43659
43666
43672
43678
43684
43691
43696
43726
43732
43751
43757
43767
43772
43779
43784
43791
43797
43803
43809
43838
43844
43850
43856
43862
43868
43874
43893
43899
43905
43911
43917
43923
43929
43968
43973
43979
43996
44002
44014
44020
44026
44032
44039
44044
44060
44067
44073
44080
44089
44096
44106
44112
44155
44161
44167
44173
44179
44185
44191
44197
44240
44246
44252
44262
44268
44274
44280
44286
44292
44298
44304
44320
44326
44356
44362
44372
44378
44386
44410
44428
44434
44440
44446
44464
44470
44476
44510
44562
44622
44628
44634
44640
44656
44662
44668
44674
44680
44687
44693
44699
44705
44744
44750
44756
44790
44796
44806
44812
44818
44824
44831
44837
44843
44849
44855
44861
44867
44883
44889
44895
44901
44907
44944
44950
44957
45004
45010
45016
45022
45028
45037
45043
45053
45059
45079
45085
45091
45098
45104
45110
45116
45122
45128
45140
45146
45157
45192
45198
45205
45217
45223
45229
45235
45241
45247
45253
45259
45265
45271
45282
45288
45294
45300
45306
45322
45328
45334
45356
45362
45368
45395
45427
45433
45439
45445
45451
45457
45463
45472
45478
45484
45490
45496
45502
45508
45514
45520
45535
45542
45548
45554
45564
45594
45607
45619
45625
45631
45637
45734
